Sim. case,OPT,ALG1,ALG2,matrix,one count,ALG1 approximation rate,ALG1 time,ALG2 approximation rate,ALG2 time,BR,BR approximation rate,BR time,DBR,DBR approximation rate,DBR time,FFD,FFD approximation rate,FFD time,OPT time,bin_count,task_count
3900,1,8,8,"[[0.82405142 0.90362104 0.78045498 ... 0.48893559 0.51984426 0.59316999]
 [0.78663611 0.40113434 0.75552583 ... 0.81030051 0.42356774 0.57920758]
 [0.78341157 0.39735432 0.57202411 ... 0.48543373 0.94902563 0.87046539]
 ...
 [0.59891051 0.61039107 0.86832312 ... 0.49847328 0.95659382 0.993422  ]
 [0.2        0.82689002 0.93697524 ... 0.29178452 0.4395098  0.79163957]
 [0.49482043 0.4501249  0.16666667 ... 0.78629255 0.34209482 0.56478216]]",525,8.0,1.6130499839782715,8.0,1.5873231887817383,inf,inf,0.24496912956237793,9.0,9.0,0.2358701229095459,25.0,25.0,0.046886444091796875,0.046886444091796875,100.0,50.0
3901,1,8,8,"[[0.3023903  0.77777632 0.28575502 ... 0.14285714 0.86049565 0.78156532]
 [0.34956037 0.9448647  0.42775532 ... 0.69196488 0.16666667 0.6237249 ]
 [0.14285714 0.57147338 0.68748169 ... 0.30228289 0.75141285 0.9643895 ]
 ...
 [0.48136032 0.88718218 0.73059742 ... 0.95540267 0.16666667 0.85498175]
 [0.80184709 0.40994306 0.45312021 ... 0.56953924 0.44658863 0.87434759]
 [0.14285714 0.3649304  0.14285714 ... 0.65346864 0.3347315  0.78925703]]",525,8.0,1.5994915962219238,8.0,1.553983211517334,50.0,50.0,0.29175472259521484,9.0,9.0,0.298900842666626,26.0,26.0,0.047339677810668945,0.047339677810668945,100.0,50.0
3902,1,8,8,"[[0.69496749 0.97715099 0.84330159 ... 0.125      0.4594083  0.50318438]
 [0.30846291 0.79765027 0.32558823 ... 0.84834261 0.81384847 0.59749088]
 [0.71477092 0.68398534 0.46553038 ... 0.125      0.3192822  0.89900933]
 ...
 [0.51925447 0.35545756 0.70895204 ... 0.91375838 0.2        0.47157932]
 [0.41140886 0.861443   0.60210771 ... 0.34883581 0.27306162 0.90944846]
 [0.96542848 0.60199856 0.91069936 ... 0.24408953 0.55196268 0.50935332]]",525,8.0,1.5731616020202637,8.0,1.5303292274475098,50.0,50.0,0.2369394302368164,9.0,9.0,0.2976665496826172,21.0,21.0,0.04780697822570801,0.04780697822570801,100.0,50.0
3903,1,8,8,"[[0.92274666 0.33333333 0.88134877 ... 0.2038553  0.39603791 1.1       ]
 [0.51785808 0.99447041 0.5958645  ... 0.125      0.41622848 1.1       ]
 [0.75076866 0.44255482 0.97405314 ... 0.28738281 0.9552328  1.1       ]
 ...
 [0.3143749  0.54173599 0.97092094 ... 0.25217579 0.51845668 1.1       ]
 [0.64608607 0.98463565 0.87450052 ... 0.95140138 0.9054821  1.        ]
 [0.87732752 0.95799951 0.25954365 ... 0.28139969 0.47068889 1.1       ]]",525,8.0,1.6146092414855957,8.0,1.542983055114746,50.0,50.0,0.24135327339172363,9.0,9.0,0.294466495513916,30.0,30.0,0.04904484748840332,0.04904484748840332,100.0,50.0
3904,1,8,8,"[[0.74163805 0.64623611 0.85803303 ... 0.9548742  0.43989443 0.3410053 ]
 [0.16666667 0.29096994 0.91319705 ... 0.2325186  0.23332279 0.16666667]
 [0.16666667 0.68111412 0.89429307 ... 0.54715356 0.16666667 0.81083841]
 ...
 [0.33332857 0.2        0.97269275 ... 0.8377914  0.3244242  0.70048778]
 [0.71121744 0.93127468 0.94831606 ... 0.38996611 0.23740826 0.52392389]
 [0.21727482 0.87409806 0.6354667  ... 0.29093347 0.86252921 0.40189535]]",525,8.0,1.6060349941253662,8.0,1.5544350147247314,50.0,50.0,0.23006749153137207,9.0,9.0,0.29489946365356445,24.0,24.0,0.05055570602416992,0.05055570602416992,100.0,50.0
3905,1,8,8,"[[0.20355215 0.72236116 0.55457386 ... 0.85369823 0.79226278 0.97106123]
 [0.26087904 0.44649167 0.4802776  ... 0.56787284 0.86385316 0.40520661]
 [0.67538425 0.52234336 0.43755965 ... 0.61640707 0.71175864 0.57063893]
 ...
 [0.53322007 0.25       0.39371    ... 0.51455863 0.52101257 0.25811831]
 [0.72120141 0.38040338 0.73561901 ... 0.98136795 0.9365276  0.51552734]
 [0.84790553 0.25       0.88837269 ... 0.46664765 0.31875215 0.42193299]]",525,8.0,1.5809082984924316,8.0,1.540959119796753,49.0,49.0,0.24023985862731934,9.0,9.0,0.29560208320617676,23.0,23.0,0.0485684871673584,0.0485684871673584,100.0,50.0
3906,1,8,8,"[[0.33776645 0.70732931 0.56107425 ... 0.97718445 0.88817525 0.44939679]
 [0.54879719 0.88931974 0.94536735 ... 0.76284533 0.88403328 0.68120421]
 [0.53554906 0.67332494 0.66936192 ... 0.2        0.88974845 0.60193844]
 ...
 [0.31060317 0.76208182 0.86929226 ... 0.2970553  0.88415492 0.19722736]
 [0.26990261 0.39891284 0.88204522 ... 0.87685387 0.55586812 0.79982931]
 [0.37834144 0.93820598 0.5237626  ... 0.75300601 0.65478317 0.29453176]]",525,8.0,1.5358726978302002,8.0,1.5159485340118408,inf,inf,0.293062686920166,11.0,11.0,0.3890380859375,26.0,26.0,0.04951977729797363,0.04951977729797363,100.0,50.0
3907,1,8,8,"[[0.47636932 0.83780096 0.66076613 ... 0.97330508 0.3690185  0.74216781]
 [0.8460782  0.48128899 0.70525374 ... 0.76814489 0.617702   0.53145536]
 [0.34085368 0.71809136 0.54425744 ... 0.23285061 0.60510863 0.26552922]
 ...
 [0.53645984 0.47717098 0.33333333 ... 0.47294594 0.43411752 0.77508448]
 [0.30596017 0.51415517 0.5294467  ... 0.25311609 0.30227395 0.96676662]
 [0.34626682 0.37203737 0.80469519 ... 0.54698439 0.22100936 0.47706088]]",525,8.0,1.5674946308135986,8.0,1.5527558326721191,50.0,50.0,0.2435014247894287,10.0,10.0,0.346163272857666,25.0,25.0,0.04917740821838379,0.04917740821838379,100.0,50.0
3908,1,7,7,"[[0.43325891 0.95747213 0.83699831 ... 0.63362361 0.86898229 0.9135801 ]
 [0.43373466 0.14285714 0.78512309 ... 0.67685957 0.42169665 0.97891631]
 [0.44232537 0.99125048 0.79917453 ... 0.25       0.47026686 0.73933859]
 ...
 [0.3102656  0.20500613 0.43765768 ... 0.81838809 0.65359608 0.5       ]
 [0.73014284 0.92241433 0.7506757  ... 0.67224991 0.94769123 0.94618639]
 [0.42205434 0.65720927 0.65397898 ... 0.79499059 0.78714481 0.59081511]]",525,7.0,1.3644301891326904,7.0,1.3437469005584717,inf,inf,0.22832179069519043,9.0,9.0,0.30748844146728516,24.0,24.0,0.04960179328918457,0.04960179328918457,100.0,50.0
3909,1,8,8,"[[0.56417673 0.33533073 0.81379238 ... 0.77826578 0.38417041 0.61861122]
 [0.56046093 0.76365991 0.58382416 ... 0.19322029 0.62179834 0.98019834]
 [0.31132193 0.64094719 0.78293215 ... 0.98791979 0.23331471 0.51336172]
 ...
 [0.57685609 0.31821611 0.98319677 ... 0.3207469  0.39973349 0.39797357]
 [0.80612425 0.88409232 0.72755043 ... 0.81346973 0.69265061 0.78236294]
 [0.48863859 0.96489372 0.9493289  ... 0.66358131 0.6553233  0.92201902]]",525,8.0,1.5712292194366455,8.0,1.557478904724121,50.0,50.0,0.24701404571533203,11.0,11.0,0.39802026748657227,23.0,23.0,0.04878377914428711,0.04878377914428711,100.0,50.0
3910,1,9,9,"[[0.62804232 0.91254698 0.5521522  ... 0.3432564  0.459888   0.94306589]
 [0.80556213 0.94425195 0.44397563 ... 0.34021257 0.95751421 0.98068739]
 [0.4500689  0.47778612 0.71364446 ... 0.6582033  0.27895258 0.75683626]
 ...
 [0.70280915 0.75865626 0.87577254 ... 0.57395741 0.8180318  0.54175445]
 [0.87826169 0.42617495 0.43826048 ... 0.38528755 0.52470147 0.49595358]
 [0.51033606 0.9625761  0.25       ... 0.61797605 0.7239767  0.47412009]]",525,9.0,1.7020952701568604,9.0,1.7093210220336914,50.0,50.0,0.23391032218933105,9.0,9.0,0.29138708114624023,28.0,28.0,0.04935932159423828,0.04935932159423828,100.0,50.0
3911,1,8,8,"[[0.14285714 0.82696748 0.52304726 ... 0.52887153 0.70891465 0.96322774]
 [0.48544938 0.26638886 0.47725385 ... 0.2334629  0.7033983  0.64380262]
 [0.44171335 0.35311269 0.91286246 ... 0.55226385 0.954482   0.25      ]
 ...
 [0.47662895 0.47452925 0.47376029 ... 0.14285714 0.58038951 0.94000907]
 [0.69853002 0.25598258 0.79380148 ... 0.4289485  0.80793156 0.54390369]
 [0.48641804 0.76250091 0.49063939 ... 0.40027144 0.85227169 0.80379227]]",525,8.0,1.6126270294189453,8.0,1.5867486000061035,50.0,50.0,0.2772238254547119,9.0,9.0,0.28687334060668945,23.0,23.0,0.04938983917236328,0.04938983917236328,100.0,50.0
3912,1,8,8,"[[0.37188728 0.63511037 0.58502295 ... 0.85689129 0.79890144 0.55720334]
 [0.64692315 0.65367451 0.46424915 ... 0.91813483 0.5        0.33333333]
 [0.56276478 0.7994438  0.59733304 ... 0.56753919 0.59766846 0.76957099]
 ...
 [0.79402643 0.57361006 0.51088661 ... 0.36603485 0.84580568 0.98495808]
 [0.36791497 0.65478083 0.88432028 ... 0.78850562 0.59335562 0.96441427]
 [0.67349028 0.53065499 0.33333333 ... 0.72376242 0.72386078 0.56760762]]",525,8.0,1.6056904792785645,9.0,1.7025270462036133,50.0,50.0,0.24797582626342773,10.0,10.0,0.3390500545501709,23.0,23.0,0.03757739067077637,0.03757739067077637,100.0,50.0
3913,1,8,8,"[[0.125      0.90372396 0.77484619 ... 0.25       0.73604461 0.9292001 ]
 [0.87623277 0.16666667 0.25       ... 0.48133492 0.78427337 0.95138116]
 [0.70206354 0.9115887  0.94978198 ... 0.66319001 0.35189847 0.56156504]
 ...
 [0.125      0.54979212 0.80533838 ... 0.30681875 0.97347173 0.91612201]
 [0.47093518 0.80777269 0.52368984 ... 0.33693536 0.38273871 0.57556948]
 [0.125      0.84955726 0.41025757 ... 0.68221486 0.53356626 0.36863232]]",525,8.0,1.5425074100494385,8.0,1.5108301639556885,50.0,50.0,0.2391343116760254,10.0,10.0,0.3468165397644043,24.0,24.0,0.0473332405090332,0.0473332405090332,100.0,50.0
3914,1,8,8,"[[0.71763397 0.91508878 0.98662461 ... 0.76592545 0.08333333 0.81517581]
 [0.16666667 0.90325379 0.71995228 ... 0.35137736 0.36232472 0.11111111]
 [0.16666667 0.63762794 0.9773421  ... 0.51607359 0.1727996  0.63141683]
 ...
 [0.85570224 0.88187561 0.74822847 ... 0.42826176 0.72471805 0.87819307]
 [0.31904566 0.57695261 0.93061563 ... 0.88940406 0.08333333 0.64298714]
 [0.25589132 0.5        0.33755851 ... 0.62378657 0.08333333 0.11111111]]",525,8.0,1.6110150814056396,8.0,1.5526821613311768,50.0,50.0,0.2260122299194336,8.0,8.0,0.2513413429260254,28.0,28.0,0.0498809814453125,0.0498809814453125,100.0,50.0
3915,1,8,8,"[[0.11111111 0.57638649 0.41813781 ... 0.16666667 0.86407032 0.55259465]
 [0.51612312 0.5044249  0.76509483 ... 0.7658588  0.7854101  0.53088735]
 [0.35164323 0.20495937 0.98295482 ... 0.26136894 0.41286347 0.98692652]
 ...
 [0.71693596 0.41173983 0.60187995 ... 0.16666667 0.6263653  0.75782309]
 [0.63551116 0.96003041 0.78826024 ... 0.94452087 0.69542558 0.95742855]
 [0.25216509 0.52687831 0.87320278 ... 0.97767026 0.52012425 0.82795351]]",525,8.0,1.521366834640503,8.0,1.4962899684906006,inf,inf,0.23772692680358887,9.0,9.0,0.2872905731201172,26.0,26.0,0.11882925033569336,0.11882925033569336,100.0,50.0
3916,1,7,7,"[[0.125      0.7964991  0.125      ... 0.77021475 0.31725898 0.16666667]
 [0.44849231 0.40036127 0.20561707 ... 0.1        0.6772567  0.78068071]
 [0.31717843 0.7195671  0.55873057 ... 0.1        0.25       0.51478223]
 ...
 [0.125      0.72343699 0.63387976 ... 0.68724677 0.57907214 0.64362643]
 [0.88804056 0.8031837  0.51964405 ... 0.27776178 0.89162151 0.67610722]
 [0.20133699 0.69890379 0.21503782 ... 0.5847906  0.44259239 0.16666667]]",525,7.0,1.342515468597412,7.0,1.4321599006652832,inf,inf,0.23410725593566895,8.0,8.0,0.24722886085510254,24.0,24.0,0.049727439880371094,0.049727439880371094,100.0,50.0
3917,1,8,8,"[[0.56098103 0.54431641 0.30653266 ... 0.14285714 0.66283517 0.67764542]
 [0.91553434 0.98360065 0.97757094 ... 0.34635668 0.28511688 0.79992054]
 [0.69625031 0.7998357  0.40692304 ... 0.52804454 0.65909048 0.125     ]
 ...
 [0.44923383 0.93228506 0.52045713 ... 0.67436621 0.82257314 0.64381217]
 [0.76967144 0.91147707 0.16666667 ... 0.29798823 0.3079052  0.99893991]
 [0.2        0.38648659 0.29805662 ... 0.28998933 0.2        0.87224138]]",525,8.0,1.5429761409759521,8.0,1.5278010368347168,50.0,50.0,0.23702287673950195,10.0,10.0,0.34547853469848633,30.0,30.0,0.050367116928100586,0.050367116928100586,100.0,50.0
3918,1,8,8,"[[0.87345    0.76427154 0.40472207 ... 0.25590043 0.36023433 0.88439502]
 [0.43446051 0.22802341 0.70190397 ... 0.42796303 0.30321599 0.125     ]
 [0.34287018 0.16666667 0.54122317 ... 0.44868602 0.88485776 0.76814523]
 ...
 [0.36113312 0.92072514 0.63553797 ... 0.97354751 0.67787445 0.56915487]
 [0.4809687  0.47160671 0.40414651 ... 0.99227598 0.74976202 0.93811821]
 [0.95317849 0.44316948 0.6235481  ... 0.70395006 0.37274184 0.36109796]]",525,8.0,1.5929946899414062,8.0,1.5443916320800781,50.0,50.0,0.24167895317077637,9.0,9.0,0.28475427627563477,27.0,27.0,0.04805564880371094,0.04805564880371094,100.0,50.0
3919,1,8,8,"[[0.86414054 0.9148583  0.63787865 ... 0.6259981  0.125      0.82121177]
 [0.91630416 0.84257655 0.5999281  ... 0.97120411 0.63909802 0.74748501]
 [0.58425854 0.44759564 0.35883706 ... 0.84981085 0.83660184 0.92548712]
 ...
 [0.78392469 0.99754332 0.63505624 ... 0.98758529 0.75476425 0.40413871]
 [0.99197659 0.16666667 0.32468913 ... 0.66093148 0.67235933 0.32080978]
 [0.61880828 0.73587977 0.47634682 ... 0.94454904 0.72499545 0.50785992]]",525,8.0,1.5403368473052979,8.0,1.5009450912475586,50.0,50.0,0.2433488368988037,9.0,9.0,0.2877616882324219,26.0,26.0,0.05205798149108887,0.05205798149108887,100.0,50.0
3920,1,8,8,"[[0.89320846 0.95130076 0.59380986 ... 0.5        0.86363276 0.36616037]
 [0.5548007  0.59462319 0.77276242 ... 0.90641715 0.2        0.57158388]
 [0.67903142 0.6640047  0.94938495 ... 0.63006707 0.2        0.48588628]
 ...
 [0.75336368 0.66042844 0.99267495 ... 0.57881236 0.55031959 0.86683315]
 [0.66106984 0.84202301 0.86304122 ... 0.73850664 0.8873299  0.59334088]
 [0.8999731  0.91251958 0.87014146 ... 0.92224664 0.2        0.59416481]]",525,8.0,1.5936617851257324,9.0,1.785104513168335,50.0,50.0,0.22810912132263184,9.0,9.0,0.29035115242004395,28.0,28.0,0.04763174057006836,0.04763174057006836,100.0,50.0
3921,1,9,9,"[[0.40742222 0.38964016 1.1        ... 0.41410423 0.28167296 0.84389689]
 [0.92365073 0.4664307  1.1        ... 0.3078648  0.43535287 0.40047637]
 [0.47287672 0.37197135 1.1        ... 0.36734441 0.55168671 0.85994394]
 ...
 [0.73948849 0.59384311 1.1        ... 0.75966162 0.86158172 0.89971213]
 [0.92486027 0.70483913 1.1        ... 0.94996312 0.6637014  0.78267233]
 [0.22190872 0.25       1.1        ... 0.5721361  0.16666667 0.62035327]]",525,9.0,1.6979749202728271,9.0,1.7526922225952148,inf,inf,0.23178315162658691,9.0,9.0,0.3001222610473633,27.0,27.0,0.050539493560791016,0.050539493560791016,100.0,50.0
3922,1,9,9,"[[0.27065795 0.41349027 0.83902602 ... 0.8625411  0.29382573 0.33333333]
 [0.6023135  0.97191833 0.48876946 ... 0.63224816 0.43480474 0.88504098]
 [0.53569318 0.79903691 0.85822926 ... 0.32678229 0.35896817 0.4659414 ]
 ...
 [0.94523847 0.60917544 0.30779421 ... 0.33005696 0.85477569 0.61791653]
 [0.53637437 0.39162641 0.70671293 ... 0.54406556 0.5271693  0.95365348]
 [0.25461209 0.33333333 0.79824498 ... 0.54043011 0.53386439 0.68952784]]",525,9.0,1.7817137241363525,9.0,1.7448091506958008,50.0,50.0,0.2292346954345703,11.0,11.0,0.3937337398529053,24.0,24.0,0.04679560661315918,0.04679560661315918,100.0,50.0
3923,1,8,8,"[[0.81219847 0.56030465 0.98830344 ... 1.1        0.75581149 0.50754328]
 [0.66038553 0.41726495 0.35557391 ... 1.1        0.125      0.80725158]
 [0.45725017 0.37471294 0.46768336 ... 1.1        0.70556086 0.7050608 ]
 ...
 [0.14285714 0.26599729 0.80313608 ... 1.1        0.97679469 0.78477826]
 [0.75820387 0.4719857  0.944994   ... 1.1        0.2505619  0.99606285]
 [0.14285714 0.46722473 0.75639434 ... 1.1        0.36440082 0.64999813]]",525,8.0,1.542029857635498,8.0,1.535764455795288,50.0,50.0,0.24309134483337402,9.0,9.0,0.27749085426330566,28.0,28.0,0.050511837005615234,0.050511837005615234,100.0,50.0
3924,1,8,8,"[[0.90664606 0.39927419 0.29075797 ... 0.55584576 0.6923919  0.5828921 ]
 [0.27088332 0.125      0.58848511 ... 0.55796418 0.89053291 0.125     ]
 [0.3956081  0.95943746 0.83909549 ... 0.61010631 0.54002241 0.77925367]
 ...
 [0.27561517 0.49518072 0.71064496 ... 0.43673348 0.83717579 0.22474992]
 [0.47542982 0.44973061 0.37550556 ... 0.91688672 0.86486823 0.125     ]
 [0.62308308 0.73537953 0.74496581 ... 0.19644647 0.45176243 0.85240816]]",525,8.0,1.5663087368011475,8.0,1.5569419860839844,50.0,50.0,0.2911067008972168,10.0,10.0,0.3470156192779541,26.0,26.0,0.07570433616638184,0.07570433616638184,100.0,50.0
3925,1,8,8,"[[0.87590269 0.58851657 0.4521366  ... 0.43784242 0.51222294 0.69708134]
 [0.59436997 0.5943801  0.76922764 ... 0.40536377 0.52755277 0.50801817]
 [0.42028701 0.27191117 0.78907519 ... 0.72000959 0.42861963 0.25      ]
 ...
 [0.26044885 0.61384058 0.2        ... 0.949505   0.93706568 0.83055497]
 [0.16666667 0.57491634 0.54215584 ... 0.86740075 0.67676374 0.97985919]
 [0.66365545 0.69278497 0.43852858 ... 0.7637333  0.33086146 0.92224486]]",525,8.0,1.5322849750518799,8.0,1.5287704467773438,50.0,50.0,0.23331165313720703,10.0,10.0,0.3252692222595215,26.0,26.0,0.049805641174316406,0.049805641174316406,100.0,50.0
3926,1,8,8,"[[0.34771711 0.77107289 0.61083957 ... 0.91917435 0.25904679 0.35734682]
 [0.93250285 0.11111111 0.25       ... 0.86823798 0.16666667 0.62952063]
 [0.84025124 0.11111111 0.75271667 ... 0.58030144 0.59410549 0.24264071]
 ...
 [0.58627703 0.86186285 0.25       ... 0.98305281 0.16666667 0.90833354]
 [0.54013363 0.29645572 0.5318693  ... 0.67040564 0.36158891 0.7073859 ]
 [0.60388711 0.82142059 0.83071561 ... 0.7634952  0.68171408 0.125     ]]",525,8.0,1.5701487064361572,8.0,1.5204029083251953,50.0,50.0,0.23726487159729004,10.0,10.0,0.3479297161102295,26.0,26.0,0.04840874671936035,0.04840874671936035,100.0,50.0
3927,1,8,8,"[[0.83314995 0.66100949 0.98447127 ... 0.30329089 0.96710785 0.6786286 ]
 [0.16666667 0.85152291 0.16666667 ... 0.29944734 0.66185876 0.85116417]
 [0.93172778 0.70637613 0.2955662  ... 0.68089434 0.97957796 0.2       ]
 ...
 [0.41174719 0.73696655 0.57484606 ... 0.5703287  0.48442129 0.79406432]
 [0.89288839 0.32865715 0.16666667 ... 0.125      0.11111111 0.31982027]
 [0.35205435 0.62170367 0.7798887  ... 0.125      0.11111111 0.56872992]]",525,8.0,1.506932020187378,8.0,1.4949707984924316,50.0,50.0,0.24344325065612793,9.0,9.0,0.2894861698150635,23.0,23.0,0.048722267150878906,0.048722267150878906,100.0,50.0
3928,1,7,7,"[[0.47188218 0.60611389 0.94978366 ... 0.64659704 0.89723893 0.7599445 ]
 [0.47864065 0.3907516  0.90557975 ... 0.43116247 0.98785719 0.21186327]
 [0.91930357 0.61972576 0.85671333 ... 0.92738425 0.51729039 0.1       ]
 ...
 [0.50460648 0.81800482 0.44733417 ... 0.50137732 0.282504   0.1       ]
 [0.8218143  0.33341765 0.42311978 ... 0.48412892 0.32962517 0.5993124 ]
 [0.91682133 0.64221171 0.63032826 ... 0.16666667 0.2        0.1       ]]",525,7.0,1.4252376556396484,7.0,1.3926880359649658,50.0,50.0,0.2946052551269531,9.0,9.0,0.30283498764038086,28.0,28.0,0.04866147041320801,0.04866147041320801,100.0,50.0
3929,1,7,7,"[[0.64305418 0.11111111 0.16666667 ... 0.89801664 0.93691625 0.43811593]
 [0.90632495 0.11111111 0.91427929 ... 0.36561079 0.07692308 0.69554714]
 [0.67230597 0.61823538 0.84813444 ... 0.68803281 0.07692308 0.16666667]
 ...
 [0.32214299 0.99220252 0.29314669 ... 0.51414586 0.67777676 0.52695566]
 [0.98357779 0.26465246 0.16666667 ... 0.83966671 0.07692308 0.93031493]
 [0.72640604 0.32279439 0.66886694 ... 0.38140956 0.41040792 0.25028696]]",525,7.0,1.459489345550537,8.0,1.6243374347686768,50.0,50.0,0.2348330020904541,9.0,9.0,0.28777313232421875,23.0,23.0,0.048879146575927734,0.048879146575927734,100.0,50.0
3930,1,8,8,"[[0.80871677 0.45058925 0.68867876 ... 0.33333333 0.651434   0.83661219]
 [0.39567395 0.91004452 0.99624812 ... 0.86703816 0.91147537 0.52137794]
 [0.99407023 0.14285714 0.33333333 ... 0.8422235  0.82443913 0.73174383]
 ...
 [0.8201483  0.38524533 0.33333333 ... 0.33333333 0.39321493 0.43474719]
 [0.37244103 0.24123103 0.92361859 ... 0.5683718  0.36484888 0.22607117]
 [0.79272787 0.14285714 0.71898731 ... 0.41319895 0.98996611 0.97517967]]",525,8.0,1.5280165672302246,8.0,1.5124530792236328,50.0,50.0,0.2321300506591797,9.0,9.0,0.2965664863586426,33.0,33.0,0.050208091735839844,0.050208091735839844,100.0,50.0
3931,1,8,8,"[[0.66164151 0.85639252 0.76795538 ... 0.25       0.93833404 0.34776595]
 [0.91400309 0.6878692  0.5        ... 0.51828397 0.99216084 0.2       ]
 [0.81044982 0.31092612 0.5        ... 0.79168605 0.19495747 0.8579099 ]
 ...
 [0.47083236 0.36374691 0.83788351 ... 0.62995915 0.44753925 0.2       ]
 [0.2        0.65886948 0.83261198 ... 0.38675484 0.43450429 0.70620649]
 [0.3624676  0.45338666 0.7564166  ... 0.37373141 0.125      0.69633539]]",525,8.0,1.5436272621154785,8.0,1.5488574504852295,50.0,50.0,0.23659491539001465,9.0,9.0,0.279644250869751,25.0,25.0,0.04918408393859863,0.04918408393859863,100.0,50.0
3932,1,8,8,"[[0.93908932 0.25       0.96502884 ... 0.61923571 0.72827483 0.50745814]
 [0.7584466  0.75744983 0.75714584 ... 0.39560834 0.35962173 0.28623673]
 [0.82846125 0.46137782 0.33333333 ... 0.61282137 0.64848471 0.78614607]
 ...
 [0.74482576 0.72756146 0.59696577 ... 0.81958695 0.76133273 0.47519265]
 [0.67058403 0.77054201 0.91798884 ... 0.75250665 0.73544244 0.30203052]
 [0.63872688 0.99169079 0.88301279 ... 0.46816652 0.32983177 0.50262391]]",525,8.0,1.5655303001403809,8.0,1.5340075492858887,50.0,50.0,0.23559284210205078,9.0,9.0,0.29440855979919434,29.0,29.0,0.036893606185913086,0.036893606185913086,100.0,50.0
3933,1,8,8,"[[0.68556628 0.68840341 0.9560558  ... 0.39399581 0.48825132 0.25910663]
 [0.87693789 0.7967537  0.7861235  ... 0.57617898 0.2        0.55112935]
 [0.62389233 0.58784722 0.56496679 ... 0.60036729 0.41760466 0.23967629]
 ...
 [0.96227181 0.41694065 0.74052509 ... 0.69511646 0.72485474 0.62230018]
 [0.50827589 0.59489576 0.79606141 ... 0.90468416 0.95312113 0.11111111]
 [0.60798499 0.25       0.61111633 ... 0.58820274 0.30828386 0.11111111]]",525,8.0,1.4993360042572021,8.0,1.49873685836792,49.0,49.0,0.2699093818664551,8.0,8.0,0.25611281394958496,28.0,28.0,0.04882073402404785,0.04882073402404785,100.0,50.0
3934,1,8,8,"[[0.69809268 0.9948798  0.65877683 ... 0.125      0.48514178 0.78944068]
 [0.61432072 0.73232973 0.64520152 ... 0.96967192 0.14285714 0.63740512]
 [0.74847765 0.60975742 0.65638671 ... 0.3073347  0.99842777 0.33834654]
 ...
 [0.3947453  0.59613213 0.8817487  ... 0.18285324 0.74811965 0.14285714]
 [0.74292622 0.14285714 0.79178429 ... 0.59834027 0.50599917 0.73984139]
 [0.46169931 0.40529907 0.9466523  ... 0.97757177 0.73652039 0.14285714]]",525,8.0,1.6204867362976074,8.0,1.5729756355285645,inf,inf,0.2343292236328125,9.0,9.0,0.29779958724975586,29.0,29.0,0.05780768394470215,0.05780768394470215,100.0,50.0
3935,1,8,8,"[[0.99313087 0.78662819 0.32810627 ... 0.93348345 0.92728007 0.86848749]
 [0.81079901 0.50575118 0.7178245  ... 0.23286041 0.25974932 0.25      ]
 [0.8640472  0.68095572 0.62626225 ... 0.76392603 0.82952298 0.98812553]
 ...
 [0.63742497 0.74593069 0.40815358 ... 0.86834497 0.16666667 0.65186043]
 [0.69091768 0.47947992 0.14285714 ... 0.44860777 0.66354511 0.25      ]
 [0.73478452 0.62618288 0.21955336 ... 0.16666667 0.55623958 0.68884858]]",525,8.0,1.6104257106781006,8.0,1.6020314693450928,49.0,49.0,0.23870158195495605,9.0,9.0,0.3023700714111328,32.0,32.0,0.0509037971496582,0.0509037971496582,100.0,50.0
3936,1,8,8,"[[0.3799163  0.47825979 0.65252291 ... 0.9653017  0.44637778 0.89842382]
 [0.67429831 0.72994267 0.86579745 ... 0.70955792 0.97095576 0.91928888]
 [0.62893374 0.39151572 0.62074957 ... 0.91711948 0.46676391 0.98529191]
 ...
 [0.74516692 0.98895041 0.91952014 ... 0.67152613 0.86852027 0.94054067]
 [0.78355377 0.74104563 0.8057509  ... 0.83979006 0.2375681  0.8088647 ]
 [0.99727552 0.59377446 0.95695108 ... 0.92491682 0.22956952 0.62829261]]",525,8.0,1.5628447532653809,8.0,1.579568862915039,50.0,50.0,0.24361872673034668,10.0,10.0,0.34322190284729004,29.0,29.0,0.04873466491699219,0.04873466491699219,100.0,50.0
3937,1,8,8,"[[0.83573733 1.1        0.48111474 ... 0.27185217 0.29070974 0.47683805]
 [0.75435336 1.1        0.68394137 ... 0.82062027 0.96630106 0.76491332]
 [0.54534333 1.1        0.78795926 ... 0.99070532 0.65698189 0.38539062]
 ...
 [0.80372329 1.1        0.85733564 ... 0.33924385 0.47046391 0.9455065 ]
 [0.86362604 1.1        0.93711797 ... 0.49112902 0.46987988 0.70189478]
 [0.9605157  1.1        0.5217446  ... 0.95528262 0.27489631 0.85973519]]",525,8.0,1.5743255615234375,8.0,1.5066232681274414,49.0,49.0,0.23096418380737305,8.0,8.0,0.24493718147277832,25.0,25.0,0.05022764205932617,0.05022764205932617,100.0,50.0
3938,1,8,8,"[[0.82032339 1.1        0.63961629 ... 0.75127908 0.98291244 0.44517955]
 [0.93083281 1.1        0.86275035 ... 0.4040826  0.72709753 0.652629  ]
 [0.33333333 1.1        0.39410171 ... 0.2833379  0.32949152 0.82875506]
 ...
 [0.90307217 1.1        0.41006312 ... 0.63851143 0.60150973 0.53886451]
 [0.33333333 1.1        0.4733329  ... 0.82427794 0.91897182 0.16666667]
 [0.82407794 1.1        0.77259898 ... 0.77534026 0.62067332 0.72723765]]",525,8.0,1.5227530002593994,8.0,1.5776362419128418,50.0,50.0,0.22687649726867676,10.0,10.0,0.35042905807495117,25.0,25.0,0.0485539436340332,0.0485539436340332,100.0,50.0
3939,1,8,8,"[[0.66660477 1.1        0.39695291 ... 0.53394514 0.37179172 0.61225793]
 [0.61586796 1.1        0.28397612 ... 0.16666667 0.71131984 0.27254878]
 [0.93580858 1.1        0.16666667 ... 0.64690855 0.64475596 0.84122011]
 ...
 [0.76002141 1.1        0.41776704 ... 0.32577101 0.97150855 0.80457735]
 [0.38871134 1.1        0.74837263 ... 0.90624351 0.2        0.81678389]
 [0.55161926 1.1        0.450304   ... 0.51133118 0.61906723 0.65697528]]",525,8.0,1.5340731143951416,8.0,1.5309815406799316,inf,inf,0.23677277565002441,9.0,9.0,0.3000941276550293,26.0,26.0,0.04915142059326172,0.04915142059326172,100.0,50.0
3940,1,8,8,"[[0.21000876 0.9523695  0.99047867 ... 0.32945979 0.80269261 0.19278394]
 [0.95710365 0.84995079 0.16666667 ... 0.94270401 0.81913476 0.87933239]
 [0.7824245  0.87224552 0.62033461 ... 0.25       0.51368596 0.84745713]
 ...
 [0.23713589 0.37567386 0.83835611 ... 0.39183009 0.81054043 0.81880493]
 [0.45301949 0.8179613  0.38840024 ... 0.55447485 0.31841654 0.66540178]
 [0.38088199 0.72162672 0.58897212 ... 0.25       0.87388014 0.98628228]]",525,8.0,1.5977592468261719,8.0,1.5698375701904297,50.0,50.0,0.23730254173278809,9.0,9.0,0.28977513313293457,23.0,23.0,0.04938983917236328,0.04938983917236328,100.0,50.0
3941,1,8,8,"[[0.51604559 0.57037114 0.60785836 ... 0.60045995 0.49096969 0.87214719]
 [0.4602199  0.89250848 0.43228206 ... 0.95837713 0.52369907 0.66503015]
 [0.32532436 0.80914156 0.62838979 ... 0.47196756 0.4872468  0.8084274 ]
 ...
 [0.2        0.90933737 0.2        ... 0.72746675 0.90672016 0.7584663 ]
 [0.30933178 0.94230502 0.55275729 ... 0.92375112 0.33333333 0.95098884]
 [0.56091012 0.94343899 0.48116638 ... 0.77357917 0.4958683  0.95174714]]",525,8.0,1.6530370712280273,8.0,1.5705888271331787,50.0,50.0,0.23362374305725098,9.0,9.0,0.29386448860168457,27.0,27.0,0.049747467041015625,0.049747467041015625,100.0,50.0
3942,1,8,8,"[[0.44165843 0.56384058 0.90216968 ... 0.98437608 0.56003775 0.57730874]
 [0.68749831 0.58850505 0.85626442 ... 0.31728425 0.57114991 0.83503463]
 [0.98193373 0.94086171 0.64173448 ... 0.30497413 0.73607916 0.33333333]
 ...
 [0.8044829  0.8336311  0.95446411 ... 0.51718527 0.14285714 0.60495202]
 [0.88554072 0.69098023 0.88730959 ... 0.41485609 0.14285714 0.68459184]
 [0.55074331 0.47703126 0.8744906  ... 0.67632259 0.29199194 0.8392246 ]]",525,8.0,1.5557904243469238,8.0,1.5425844192504883,inf,inf,0.32615160942077637,14.0,14.0,0.5534522533416748,25.0,25.0,0.047978878021240234,0.047978878021240234,100.0,50.0
3943,1,8,8,"[[0.53346391 0.46454373 0.72345384 ... 0.57028038 0.25727213 0.66148368]
 [0.22782504 0.5524477  0.97678832 ... 0.82365819 0.669986   0.5570714 ]
 [0.65693082 0.29558806 0.58608081 ... 0.80955303 0.71221792 0.80542099]
 ...
 [0.54297016 0.79805419 0.78239963 ... 0.58108908 0.2        0.79886957]
 [0.46849769 0.52982539 0.44672115 ... 0.84865288 0.9860207  0.14285714]
 [0.14285714 0.98568485 0.75500759 ... 0.125      0.69668742 0.69597182]]",525,8.0,1.6094224452972412,8.0,1.5126616954803467,50.0,50.0,0.2392580509185791,9.0,9.0,0.29965686798095703,26.0,26.0,0.049898386001586914,0.049898386001586914,100.0,50.0
3944,1,7,7,"[[0.96017795 0.95125573 0.125      ... 0.67825412 0.67400456 0.88157569]
 [0.25113384 0.3405327  0.78137315 ... 0.44975183 0.68595136 0.33408506]
 [0.70571149 0.85647318 0.125      ... 0.33333333 0.79373195 0.25      ]
 ...
 [0.60786895 0.72176859 0.125      ... 0.99186495 0.8912416  0.65392251]
 [0.36612622 0.48141107 0.125      ... 0.50559914 0.58446143 0.96220347]
 [0.39678515 0.11111111 0.125      ... 0.80466997 0.60564478 0.6036449 ]]",525,7.0,1.4353821277618408,8.0,1.4903285503387451,49.0,49.0,0.24039864540100098,8.0,8.0,0.2425081729888916,24.0,24.0,0.04781651496887207,0.04781651496887207,100.0,50.0
3945,1,8,8,"[[0.21515887 0.4437044  0.43362308 ... 0.9156204  0.71624542 0.57857854]
 [0.25067821 0.73527083 0.63776284 ... 0.37905758 0.75307633 0.25      ]
 [0.76587115 0.99326553 0.94334239 ... 0.74479241 0.70082874 0.33782774]
 ...
 [0.75784934 0.68685402 0.89822788 ... 0.98758985 0.83358503 0.90245098]
 [0.30984722 0.49782259 0.14285714 ... 0.77918246 0.61380643 0.38780287]
 [0.80721145 0.51707909 0.64342485 ... 0.6964938  0.7268752  0.79757969]]",525,8.0,1.5238347053527832,8.0,1.5028877258300781,50.0,50.0,0.27670812606811523,9.0,9.0,0.2967808246612549,25.0,25.0,0.05666494369506836,0.05666494369506836,100.0,50.0
3946,1,8,8,"[[0.89604145 0.34965513 0.89779584 ... 0.41173968 0.89595483 0.4816869 ]
 [0.87465784 0.88690836 0.27036753 ... 0.95524657 0.57482501 0.8535913 ]
 [0.6441229  0.33983878 0.77320907 ... 0.29630814 0.53008665 0.71447192]
 ...
 [0.83652239 0.50262071 0.39768521 ... 0.80163895 0.19284912 0.49296715]
 [0.3770823  0.46277968 0.42358529 ... 0.41920415 0.49997957 0.57856325]
 [0.58763497 0.55327503 0.14285714 ... 0.45210035 0.125      0.66682001]]",525,8.0,1.5530297756195068,8.0,1.534057378768921,50.0,50.0,0.2805821895599365,9.0,9.0,0.2955188751220703,23.0,23.0,0.049053192138671875,0.049053192138671875,100.0,50.0
3947,1,8,8,"[[0.7397463  0.82452226 0.52360354 ... 0.57980838 0.75767166 0.44654033]
 [0.90779093 0.47157217 0.50593762 ... 0.75169312 0.29409032 0.37107507]
 [0.89462281 0.36517946 0.98537872 ... 0.63355794 0.16666667 0.16666667]
 ...
 [0.25       0.62981613 0.28455952 ... 0.81934469 0.58001848 0.8236487 ]
 [0.48576046 0.46113431 0.54481063 ... 0.5        0.16666667 0.99014284]
 [0.82424249 0.41952698 0.125      ... 0.74028881 0.43108906 0.55442897]]",525,8.0,1.6627247333526611,8.0,1.5585076808929443,inf,inf,0.27209997177124023,10.0,10.0,0.34139561653137207,26.0,26.0,0.0535435676574707,0.0535435676574707,100.0,50.0
3948,1,8,8,"[[1.1        0.84377805 0.2        ... 0.79408719 0.84065742 0.85941628]
 [1.1        0.47346888 0.3061664  ... 0.37037886 0.34005432 0.87961508]
 [1.1        0.82510142 0.55061649 ... 0.55143288 0.76791852 0.83911701]
 ...
 [1.1        0.56586895 0.35189916 ... 0.86936985 0.35006913 0.59172458]
 [1.1        0.69070698 0.59468519 ... 0.62740077 0.56788818 0.98461813]
 [1.1        0.61137994 0.97958554 ... 0.64025805 0.74999595 0.60309251]]",525,8.0,1.5333495140075684,8.0,1.5179686546325684,50.0,50.0,0.23574352264404297,10.0,10.0,0.3493173122406006,25.0,25.0,0.04800844192504883,0.04800844192504883,100.0,50.0
3949,1,7,7,"[[0.24959373 0.73746541 0.62406508 ... 0.60140967 0.68577357 0.59288885]
 [0.79773351 0.125      0.98024611 ... 0.70195091 0.86519405 0.836615  ]
 [0.87356991 0.76231353 0.88107949 ... 0.5782913  0.66155195 0.82730185]
 ...
 [0.26132148 0.125      0.25       ... 0.4319988  0.72666225 0.74536858]
 [0.45002591 0.125      0.97240949 ... 0.55205972 0.63577562 0.46763065]
 [0.76144374 0.48039843 0.86584729 ... 0.86140401 0.59041992 0.85814705]]",525,7.0,1.3689746856689453,8.0,1.4948139190673828,49.0,49.0,0.23395204544067383,9.0,9.0,0.3036017417907715,25.0,25.0,0.048929691314697266,0.048929691314697266,100.0,50.0
3950,1,8,8,"[[0.45589846 0.35265419 0.83383769 ... 0.98536124 0.80533638 0.5562675 ]
 [0.125      0.45621665 0.91972408 ... 0.16666667 0.89531846 0.94108268]
 [0.5767337  0.50988699 0.57844787 ... 0.54570627 0.44993282 0.7185457 ]
 ...
 [0.76905706 0.11111111 0.61835515 ... 0.27752569 0.2        0.9409739 ]
 [0.5672119  0.95846125 0.7588354  ... 0.70638537 0.67404413 0.83562485]
 [0.74487936 0.92878721 0.69412838 ... 0.39035948 0.3686309  0.99648369]]",525,8.0,1.5130035877227783,8.0,1.5226354598999023,50.0,50.0,0.23157691955566406,9.0,9.0,0.30234336853027344,25.0,25.0,0.05203962326049805,0.05203962326049805,100.0,50.0
3951,1,7,7,"[[0.60927665 0.75258163 0.23389997 ... 0.35057792 0.26333897 0.99495996]
 [0.46485823 0.53374329 0.31440552 ... 0.95507953 0.76722585 0.35773139]
 [0.36494663 0.80469797 0.6955686  ... 0.59548043 0.36770001 0.5264116 ]
 ...
 [0.66250246 0.39212807 0.62630498 ... 0.55756075 0.51391698 0.37784197]
 [0.49967254 0.74922073 0.22703525 ... 0.83182262 0.91668365 0.77572857]
 [0.45723324 0.54839108 0.16666667 ... 0.25       0.93294628 0.44534305]]",525,7.0,1.4643123149871826,8.0,1.54606032371521,50.0,50.0,0.3119020462036133,10.0,10.0,0.3529379367828369,26.0,26.0,0.048818349838256836,0.048818349838256836,100.0,50.0
3952,1,9,9,"[[0.8365632  0.46399471 0.35451169 ... 0.88101514 0.27609533 0.26052695]
 [0.68422771 0.96081568 0.81458871 ... 0.70845479 0.37978669 0.2       ]
 [0.35613888 0.4887573  0.91955393 ... 0.71126486 0.99729537 0.33938424]
 ...
 [0.49561731 0.89655591 0.65881069 ... 0.79335682 0.33543732 0.47870827]
 [0.76094795 0.35182974 0.36154762 ... 0.95006068 0.34475386 0.25045876]
 [0.57455416 0.70107948 0.86336335 ... 0.70626056 0.44267935 0.89787524]]",525,9.0,1.692185878753662,8.0,1.5473217964172363,50.0,50.0,0.23523664474487305,9.0,9.0,0.30066466331481934,29.0,29.0,0.050273895263671875,0.050273895263671875,100.0,50.0
3953,1,7,7,"[[0.5452716  0.34741587 0.48296597 ... 0.43843043 0.69337317 0.82211643]
 [0.3590767  0.47508396 0.6699438  ... 0.57576779 0.43033763 0.27886842]
 [0.14285714 0.93656542 0.88960341 ... 0.47279785 0.67092081 0.44930658]
 ...
 [0.47108937 0.78224567 0.91137567 ... 0.94321854 0.40097784 0.50119747]
 [0.81618553 0.42787473 0.60582076 ... 0.8666215  0.32723076 0.73332854]
 [0.59877971 0.34210574 0.62616223 ... 0.91228835 0.44374853 0.52074112]]",525,7.0,1.3975119590759277,7.0,1.3488984107971191,inf,inf,0.23625421524047852,8.0,8.0,0.2579066753387451,26.0,26.0,0.04992079734802246,0.04992079734802246,100.0,50.0
3954,1,7,7,"[[0.79557432 1.1        0.95069532 ... 0.62414812 0.83237133 0.72749722]
 [0.16666667 1.1        0.74168063 ... 0.11111111 0.80452925 0.58884132]
 [0.55260694 1.1        0.5        ... 0.25561551 0.67313482 0.70867029]
 ...
 [0.49475563 1.1        0.94072646 ... 0.11111111 0.80145873 0.33333333]
 [0.68546464 1.1        0.60166272 ... 0.38242412 0.25       0.46253468]
 [0.51383618 1.1        0.57237868 ... 0.11111111 0.80196291 0.64656304]]",525,7.0,1.403184175491333,7.0,1.3562901020050049,50.0,50.0,0.2297067642211914,9.0,9.0,0.29686737060546875,26.0,26.0,0.051734209060668945,0.051734209060668945,100.0,50.0
3955,1,9,9,"[[0.48120416 0.57968325 0.61761079 ... 0.54574357 0.77042975 0.67907158]
 [0.61500209 0.90977251 0.14285714 ... 0.5665376  0.71962587 0.14285714]
 [0.64746751 0.7384742  0.14285714 ... 0.58129544 0.33333333 0.14285714]
 ...
 [0.40530957 0.4256043  0.61477826 ... 0.58770992 0.67542927 0.77769217]
 [0.66604033 0.31658337 0.14285714 ... 0.30107747 0.33333333 0.80660766]
 [0.51453208 0.39387037 0.23200536 ... 0.98128589 0.71552634 0.42369856]]",525,9.0,1.7170178890228271,8.0,1.5751993656158447,50.0,50.0,0.3252997398376465,9.0,9.0,0.3002128601074219,27.0,27.0,0.0495147705078125,0.0495147705078125,100.0,50.0
3956,1,7,7,"[[0.39673985 0.97105592 0.71547838 ... 0.30798218 0.16666667 0.7261911 ]
 [0.44027279 0.64723301 0.2        ... 0.8046156  0.90718645 0.92549303]
 [0.25       0.91311868 0.81813446 ... 0.68852306 0.53186842 0.30981025]
 ...
 [0.34861582 0.5        0.28324614 ... 0.60425746 0.7232022  0.41597329]
 [0.82270546 0.86891601 0.45293157 ... 0.25       0.4812312  0.60686468]
 [0.6509626  0.70611337 0.26595534 ... 0.25       0.90089484 0.89205846]]",525,7.0,1.4673435688018799,7.0,1.390559434890747,50.0,50.0,0.23510456085205078,9.0,9.0,0.29027390480041504,28.0,28.0,0.0549619197845459,0.0549619197845459,100.0,50.0
3957,1,8,8,"[[0.59477805 0.58121603 0.57701408 ... 0.32158218 0.51130444 0.23130852]
 [0.66504602 0.93553337 0.21964981 ... 0.74821376 0.65267079 0.16666667]
 [0.2        0.41670653 0.69173647 ... 0.64123212 0.27477608 0.30670756]
 ...
 [0.47283635 0.731406   0.944751   ... 0.8223232  0.16666667 0.97721812]
 [0.95646836 0.86178018 0.53045781 ... 0.35719346 0.16666667 0.34442463]
 [0.29871831 0.94236614 0.38892087 ... 0.41368608 0.71695577 0.16666667]]",525,8.0,1.5190467834472656,8.0,1.5101268291473389,50.0,50.0,0.23360729217529297,9.0,9.0,0.2964963912963867,27.0,27.0,0.050516366958618164,0.050516366958618164,100.0,50.0
3958,1,8,8,"[[0.65082301 0.33958502 0.87474548 ... 0.64303078 0.9147789  0.38704237]
 [0.51486187 0.42469368 0.72157525 ... 0.14285714 0.52570048 0.65555347]
 [0.66329193 0.94181537 0.48739292 ... 0.94066516 0.87960155 0.96236888]
 ...
 [0.85908908 0.14285714 0.35683737 ... 0.48338244 0.2        0.75452955]
 [0.40200953 0.85526985 0.4039148  ... 0.73273111 0.85936841 0.68952582]
 [0.75295517 0.36467025 0.68211121 ... 0.84042426 0.37112795 0.75586865]]",525,8.0,1.551260232925415,8.0,1.5284743309020996,50.0,50.0,0.25222206115722656,8.0,8.0,0.25237250328063965,25.0,25.0,0.05148744583129883,0.05148744583129883,100.0,50.0
3959,1,7,7,"[[0.1        0.57713577 0.59477537 ... 0.60841645 0.69204507 0.65372753]
 [0.65755298 0.94405633 0.66304475 ... 0.7809732  0.78434169 0.78272834]
 [0.24955117 0.74391349 0.37268489 ... 0.09090909 0.78461314 0.5       ]
 ...
 [0.1        0.86885656 0.11111111 ... 0.16203826 0.34468427 0.80378304]
 [0.65284781 0.95961167 0.90041583 ... 0.09090909 0.80910709 0.960882  ]
 [0.63461551 0.61044485 0.29308569 ... 0.58135696 0.43356908 0.73703772]]",525,7.0,1.412733554840088,7.0,1.3828883171081543,inf,inf,0.23816514015197754,8.0,8.0,0.24767780303955078,28.0,28.0,0.04858803749084473,0.04858803749084473,100.0,50.0
3960,1,8,8,"[[0.65000258 0.8164466  0.70092622 ... 0.76655454 0.87983728 0.30302312]
 [0.72771732 0.53908757 0.71810709 ... 0.76193422 0.44325489 0.71603492]
 [0.81095025 0.28497876 0.85504685 ... 0.40203765 0.61956931 0.23317444]
 ...
 [0.59705973 0.11111111 0.77387187 ... 0.54591926 0.54597525 0.98215818]
 [0.84099354 0.11111111 0.64178025 ... 0.7832273  0.16666667 0.14285714]
 [0.61098287 0.16156126 0.81453808 ... 0.77717614 0.24180549 0.61374686]]",525,8.0,1.526991367340088,8.0,1.5561614036560059,50.0,50.0,0.30593085289001465,10.0,10.0,0.3516867160797119,28.0,28.0,0.04127669334411621,0.04127669334411621,100.0,50.0
3961,1,9,9,"[[0.85939079 0.61896455 0.36067397 ... 0.38167075 0.43901506 0.57033801]
 [0.16666667 0.94799426 0.47802111 ... 0.2        0.28685211 0.93860064]
 [0.42703412 0.60487486 0.90098723 ... 0.45135084 0.6967846  0.66743294]
 ...
 [0.93006361 0.76347693 0.92307383 ... 0.93214569 0.30965555 0.64530069]
 [0.70984711 0.34426269 0.53876879 ... 0.61018373 0.98031896 0.9239266 ]
 [0.79247279 0.51252013 0.55401273 ... 0.29642116 0.16666667 0.72820237]]",525,9.0,1.694568157196045,9.0,1.6824524402618408,50.0,50.0,0.22809815406799316,10.0,10.0,0.32511091232299805,26.0,26.0,0.04819798469543457,0.04819798469543457,100.0,50.0
3962,1,8,8,"[[0.2        0.78843581 0.46721188 ... 0.45219312 0.48712915 0.71772056]
 [0.67251031 0.43263734 0.25       ... 0.53172172 0.77971198 0.58932092]
 [0.73628027 0.6379874  0.76142495 ... 0.57832675 0.91486807 0.58857071]
 ...
 [0.68010034 0.61400431 0.63592881 ... 0.9034218  0.86329724 0.66470684]
 [0.42377732 0.9041014  0.5673387  ... 0.92313935 0.33333333 0.39835076]
 [0.61987791 0.41018649 0.43572259 ... 0.87414841 0.48256448 0.95136543]]",525,8.0,1.5584702491760254,8.0,1.5213117599487305,50.0,50.0,0.23279619216918945,10.0,10.0,0.3364262580871582,27.0,27.0,0.0487065315246582,0.0487065315246582,100.0,50.0
3963,1,8,8,"[[0.2        0.38762004 0.72544206 ... 0.82310788 0.25465157 0.7961025 ]
 [0.69007143 0.85415726 0.8754036  ... 0.40050589 0.39521119 0.53454273]
 [0.2        0.79899007 0.48702302 ... 0.6460453  0.89295377 0.9721901 ]
 ...
 [0.3737498  0.84358113 0.81763743 ... 0.16666667 0.58888494 0.125     ]
 [0.69956719 0.34084107 0.68129508 ... 0.90297905 0.75637608 0.65123186]
 [0.74757707 0.5041602  0.84125181 ... 0.60578905 0.16666667 0.26980894]]",525,8.0,1.5345821380615234,8.0,1.5265898704528809,50.0,50.0,0.23473405838012695,9.0,9.0,0.2974276542663574,27.0,27.0,0.048906564712524414,0.048906564712524414,100.0,50.0
3964,1,8,8,"[[0.67528397 0.51571982 0.16666667 ... 0.20044762 0.96724128 0.99903788]
 [0.2        0.26802647 0.86764476 ... 0.125      0.65974043 0.94239678]
 [0.43965179 0.20541433 0.76691504 ... 0.9199584  0.32453359 0.43777018]
 ...
 [0.45388539 0.55910505 0.61271658 ... 0.40510849 0.28122549 0.76611422]
 [0.97755034 0.14285714 0.16666667 ... 0.30231003 0.74903854 0.6008171 ]
 [0.36542436 0.31059213 0.39497208 ... 0.58814432 0.74977934 0.82670911]]",525,8.0,1.5332653522491455,8.0,1.5131556987762451,50.0,50.0,0.23289728164672852,8.0,8.0,0.24456357955932617,22.0,22.0,0.04859781265258789,0.04859781265258789,100.0,50.0
3965,1,8,8,"[[0.29821279 0.52230618 0.92638753 ... 0.14285714 1.1        0.45763233]
 [0.48428355 0.9669409  0.99591    ... 0.86469978 1.1        0.35163187]
 [0.16666667 0.76423084 0.35837938 ... 0.40578489 1.1        0.87177307]
 ...
 [0.27562201 0.42798539 0.88614945 ... 0.14285714 1.1        0.75371024]
 [0.47517453 0.7995919  0.42820896 ... 0.68869922 1.1        0.27710681]
 [0.37487518 0.55545165 0.56118084 ... 0.39026959 1.1        0.40869116]]",525,8.0,1.6128032207489014,8.0,1.565105676651001,50.0,50.0,0.23505306243896484,9.0,9.0,0.28087878227233887,28.0,28.0,0.04762411117553711,0.04762411117553711,100.0,50.0
3966,1,8,8,"[[0.88226955 1.1        0.16666667 ... 0.31489176 0.65740355 1.1       ]
 [0.65870224 1.1        0.32400484 ... 0.64194167 0.72547684 1.1       ]
 [0.5161258  1.1        0.86504284 ... 0.25870418 0.82774545 1.1       ]
 ...
 [0.98125015 1.1        0.98513561 ... 0.3879666  0.11111111 1.1       ]
 [0.29587887 1.1        0.94000911 ... 0.21885446 0.17311888 1.1       ]
 [0.32046641 1.1        0.88947382 ... 0.86214264 0.22072009 1.1       ]]",525,8.0,1.5847840309143066,8.0,1.5243947505950928,50.0,50.0,0.2364199161529541,10.0,10.0,0.3345906734466553,23.0,23.0,0.04811215400695801,0.04811215400695801,100.0,50.0
3967,1,9,9,"[[0.16666667 0.56401164 0.34354021 ... 0.94460904 0.26486369 0.81183679]
 [0.37488755 0.87836923 0.75827825 ... 0.88530581 0.67380786 0.87122813]
 [0.84945614 0.31046026 0.78008064 ... 0.16666667 0.65559453 0.95225185]
 ...
 [0.30885989 0.94747822 0.41970592 ... 0.5002064  0.79057874 0.84283153]
 [0.69189816 0.69917159 0.44883771 ... 0.68424435 0.62148504 0.87470732]
 [0.87146137 0.76059264 0.36282006 ... 0.89166687 0.86635135 0.99504914]]",525,9.0,1.7670743465423584,8.0,1.5422024726867676,50.0,50.0,0.23345565795898438,11.0,11.0,0.3847675323486328,21.0,21.0,0.04879283905029297,0.04879283905029297,100.0,50.0
3968,1,8,8,"[[0.14285714 0.47247633 0.72671523 ... 0.59787935 0.77851107 0.73273562]
 [0.65841922 0.89866653 0.98479646 ... 0.51114592 0.75203852 0.73477145]
 [0.63735547 0.79850325 0.81787864 ... 0.66881757 0.82559903 0.25022092]
 ...
 [0.7915268  0.54071494 0.79639497 ... 0.549771   0.30341253 0.9527238 ]
 [0.61804755 0.38760402 0.72258856 ... 0.73457224 0.81616757 0.73255179]
 [0.24741102 0.65489414 0.78138081 ... 0.67249088 0.91858779 0.94370899]]",525,8.0,1.5228796005249023,8.0,1.5074329376220703,50.0,50.0,0.2332298755645752,9.0,9.0,0.2937779426574707,29.0,29.0,0.050824880599975586,0.050824880599975586,100.0,50.0
3969,1,8,8,"[[0.44309599 0.19046423 0.62873456 ... 0.69389739 0.16666667 0.63632369]
 [0.4012035  0.53081073 0.14285714 ... 0.6480324  0.69701968 0.65888351]
 [0.11111111 0.125      0.80054805 ... 0.16666667 0.38242082 0.99392353]
 ...
 [0.88591289 0.4424217  0.68396854 ... 0.90388451 0.5931439  0.34255738]
 [0.38706817 0.80124156 0.96650705 ... 0.89372259 0.29834702 0.55660447]
 [0.89339152 0.125      0.56401753 ... 0.85223505 0.70931664 0.96205062]]",525,8.0,1.5409271717071533,8.0,1.5285325050354004,50.0,50.0,0.27510690689086914,9.0,9.0,0.2945740222930908,21.0,21.0,0.04700279235839844,0.04700279235839844,100.0,50.0
3970,1,8,8,"[[0.67406143 0.87672398 0.42527949 ... 0.37381109 0.48143768 0.5315494 ]
 [0.58699764 0.59879842 0.42912341 ... 0.55911254 0.61062123 0.65494542]
 [0.84837538 0.39580665 0.33333333 ... 0.1        0.66566853 0.31700496]
 ...
 [0.26850737 0.30727722 0.81050043 ... 0.27064069 0.55003199 0.92411226]
 [0.8529541  0.56517402 0.91369464 ... 0.17929375 0.73843078 0.67647638]
 [0.65556398 0.5234436  0.49301411 ... 0.17278902 0.26228459 0.45089199]]",525,8.0,1.530653476715088,8.0,1.4960472583770752,inf,inf,0.24213528633117676,9.0,9.0,0.2794528007507324,27.0,27.0,0.03861236572265625,0.03861236572265625,100.0,50.0
3971,1,9,9,"[[0.55671001 0.79722335 0.81104004 ... 0.16666667 0.8583033  0.98825116]
 [0.68034442 0.66184564 0.56091981 ... 0.46497707 0.94942041 0.93044326]
 [0.63813832 0.3589092  0.92577003 ... 0.85432845 0.66324195 0.74017768]
 ...
 [0.52729261 0.3775159  0.69549185 ... 0.81851937 0.70505142 0.909836  ]
 [0.27875218 0.89096251 0.85437765 ... 0.38182864 0.16666667 0.66267508]
 [0.70060035 0.28066821 0.70616558 ... 0.86993496 0.56176056 0.96733234]]",525,9.0,1.6958281993865967,8.0,1.5462634563446045,50.0,50.0,0.2341153621673584,9.0,9.0,0.2886219024658203,25.0,25.0,0.05218219757080078,0.05218219757080078,100.0,50.0
3972,1,8,8,"[[0.52040392 0.52037788 0.86732032 ... 0.44758446 0.73266092 0.3372458 ]
 [0.23104824 0.90079216 0.49853877 ... 0.91380922 0.48285302 0.26576922]
 [0.97114916 0.45503688 0.66058458 ... 0.76449343 0.79878586 0.2       ]
 ...
 [0.78897461 0.77531578 0.87408343 ... 0.25       0.73138314 0.88716886]
 [0.44446346 0.16666667 0.54973452 ... 0.32447039 0.76904549 0.44290511]
 [0.47269112 0.16666667 0.14285714 ... 0.89321868 0.24763987 0.6279991 ]]",525,8.0,1.5878574848175049,8.0,1.5148532390594482,50.0,50.0,0.23662900924682617,10.0,10.0,0.34424495697021484,22.0,22.0,0.04849648475646973,0.04849648475646973,100.0,50.0
3973,1,8,8,"[[0.99290718 0.80879708 0.52549904 ... 0.53852002 0.92989479 0.71742462]
 [0.16666667 0.85213757 0.56758719 ... 0.76067106 0.63330963 0.9627131 ]
 [0.84388912 0.7122547  0.48333275 ... 0.64881734 0.88690638 0.14285714]
 ...
 [0.42441578 0.3957916  0.8381351  ... 0.43392579 0.83914977 0.8599862 ]
 [0.38796739 0.52916228 0.125      ... 0.84092353 0.59408351 0.60212344]
 [0.23110177 0.42501691 0.65202612 ... 0.73102888 0.25       0.43756652]]",525,8.0,1.5351035594940186,8.0,1.512394666671753,50.0,50.0,0.2768895626068115,10.0,10.0,0.34203243255615234,27.0,27.0,0.05056047439575195,0.05056047439575195,100.0,50.0
3974,1,8,8,"[[0.37435582 0.48294579 0.5019547  ... 0.77770818 0.42860242 0.95880403]
 [0.2        0.34308051 0.41270751 ... 0.57762556 0.86576425 0.57997266]
 [0.99299091 0.49622927 0.54996234 ... 0.93660459 0.31576106 0.61635984]
 ...
 [0.2920748  0.65404477 0.96287831 ... 0.2        0.43725356 0.38373336]
 [0.70485371 0.64587484 0.33333333 ... 0.8297081  0.73457187 0.87315445]
 [0.75518065 0.2        0.33333333 ... 0.90180188 0.94151666 0.33333333]]",525,8.0,1.6093978881835938,8.0,1.5278990268707275,50.0,50.0,0.23694229125976562,10.0,10.0,0.3413212299346924,29.0,29.0,0.04876971244812012,0.04876971244812012,100.0,50.0
3975,1,8,8,"[[0.75223257 0.47334015 0.89234817 ... 0.62705914 0.28362943 0.40381191]
 [0.25       0.67510223 0.51010659 ... 0.68654365 0.36099924 0.97340362]
 [0.62314392 0.95845766 0.40613844 ... 0.99080514 0.2        0.25169091]
 ...
 [0.89990485 0.38877519 0.99842758 ... 0.5        0.89028748 0.37046049]
 [0.54273671 0.74473199 0.63440094 ... 0.79704429 0.57090039 0.82441933]
 [0.663903   0.43863184 0.28115198 ... 0.90263644 0.96047485 0.94444936]]",525,8.0,1.501431941986084,7.0,1.3495254516601562,50.0,50.0,0.2333664894104004,9.0,9.0,0.29152846336364746,23.0,23.0,0.04826807975769043,0.04826807975769043,100.0,50.0
3976,1,7,7,"[[0.95185006 0.51116006 0.41917262 ... 0.69000417 0.94606004 0.21559404]
 [0.78584914 0.47217636 0.125      ... 0.28936774 0.60675214 0.31038934]
 [0.30206091 0.9336415  0.71983602 ... 0.42620327 0.58403282 0.74365288]
 ...
 [0.83880003 0.83758411 0.125      ... 0.86167604 0.9526309  0.96361995]
 [0.36353751 0.57348298 0.41450633 ... 0.99272469 0.69763382 0.125     ]
 [0.6397405  0.78347075 0.60629818 ... 0.95185144 0.98447436 0.2329774 ]]",525,7.0,1.3712644577026367,8.0,1.5010223388671875,50.0,50.0,0.22799324989318848,10.0,10.0,0.3411867618560791,24.0,24.0,0.05129051208496094,0.05129051208496094,100.0,50.0
3977,1,8,8,"[[0.96445977 0.29837335 0.86312946 ... 0.2        0.97500644 0.55274512]
 [0.34343175 0.51586214 0.95838584 ... 0.40163432 0.33333333 0.47190924]
 [0.2        0.70615733 0.881493   ... 0.2        0.96601867 0.89975537]
 ...
 [0.38577874 0.80002191 0.99740373 ... 0.58196427 0.99833245 0.52397873]
 [0.65869136 0.20782438 0.91564913 ... 0.3302415  0.52143586 0.49740147]
 [0.2        0.70610008 0.5004757  ... 0.67829045 0.47985284 0.78424755]]",525,8.0,1.5926110744476318,8.0,1.5192255973815918,50.0,50.0,0.2345442771911621,10.0,10.0,0.33985400199890137,28.0,28.0,0.05078434944152832,0.05078434944152832,100.0,50.0
3978,1,8,8,"[[0.92825636 0.11111111 0.38221817 ... 0.31814452 0.47911574 0.5       ]
 [0.27250203 0.96827538 0.80335837 ... 0.47151411 0.14285714 0.88895719]
 [0.76989549 0.11111111 0.28849915 ... 0.28304662 0.14285714 0.70734629]
 ...
 [0.63525802 0.62470387 0.40462394 ... 0.78833788 0.8122873  0.97723828]
 [0.2        0.59605394 0.71040203 ... 0.79541084 0.19890349 0.92241529]
 [0.86650374 0.29558864 0.2        ... 0.82399738 0.60279173 0.76444023]]",525,8.0,1.5407402515411377,8.0,1.5091774463653564,50.0,50.0,0.2725358009338379,9.0,9.0,0.29932546615600586,27.0,27.0,0.049922943115234375,0.049922943115234375,100.0,50.0
3979,1,7,7,"[[0.79252491 0.82832715 0.65933973 ... 0.74197042 0.6221404  0.41696599]
 [0.852263   0.62882496 0.63893474 ... 0.67350606 0.5099407  0.54579987]
 [0.61168428 0.69081129 0.76732318 ... 0.65582036 0.95017936 0.38304907]
 ...
 [0.74563336 0.53424071 0.95470571 ... 0.99433297 0.84594239 0.59418299]
 [0.75568729 0.47504613 0.33853061 ... 0.74456427 0.82048369 0.60915298]
 [0.85164312 0.73713193 0.96775008 ... 0.79294356 0.42313365 0.59114508]]",525,7.0,1.3964967727661133,8.0,1.4967095851898193,50.0,50.0,0.2355952262878418,9.0,9.0,0.29312801361083984,25.0,25.0,0.04120016098022461,0.04120016098022461,100.0,50.0
3980,1,8,8,"[[0.66451209 0.37605178 0.22835977 ... 0.80607899 0.65284712 0.65805584]
 [0.72351875 0.74776992 0.90729427 ... 0.79933927 0.92766562 0.60370502]
 [0.88599926 0.71339012 0.70989218 ... 0.76740147 0.92961866 0.76708217]
 ...
 [0.21602076 0.52989089 0.86794008 ... 0.90131869 0.88738794 0.64005292]
 [0.23337448 0.40937441 0.34987793 ... 0.84763447 0.80555425 0.81592242]
 [0.46076272 0.37883937 0.125      ... 0.91924281 0.99156963 0.55775851]]",525,8.0,1.5108075141906738,8.0,1.504988431930542,50.0,50.0,0.23001718521118164,9.0,9.0,0.3031046390533447,24.0,24.0,0.05772137641906738,0.05772137641906738,100.0,50.0
3981,1,8,8,"[[0.66356264 0.88580155 0.43902687 ... 0.7014633  0.75218841 0.87921498]
 [0.71436114 0.85285069 0.86407932 ... 0.25700117 0.43293696 0.75679513]
 [0.55351492 0.21959069 0.67147817 ... 0.94345308 0.42822016 0.78704203]
 ...
 [0.86515729 0.52248698 0.95411311 ... 0.71405637 0.85377103 0.95344173]
 [0.59688113 0.16666667 0.92581737 ... 0.38088849 0.51465642 0.87760284]
 [0.6405092  0.5651404  0.88874751 ... 0.2        0.34949074 0.33452037]]",525,8.0,1.5366020202636719,8.0,1.5295608043670654,50.0,50.0,0.23641300201416016,10.0,10.0,0.3461794853210449,26.0,26.0,0.049077749252319336,0.049077749252319336,100.0,50.0
3982,1,8,8,"[[0.61822229 0.43515818 0.6656446  ... 0.42806586 0.24859618 0.74950673]
 [0.14285714 0.75268555 0.50889861 ... 0.71463895 0.89638759 0.79363981]
 [0.69790172 0.83480494 0.63653185 ... 0.39873059 0.32469343 0.82312068]
 ...
 [0.98382619 0.56979022 0.6571987  ... 0.58725696 0.9411502  0.83900541]
 [0.48532895 0.25       0.89175133 ... 0.42926307 0.69068213 0.86201348]
 [0.80518958 0.58798879 0.38049176 ... 0.38566122 0.24696827 0.88948175]]",525,8.0,1.5228312015533447,8.0,1.4916439056396484,50.0,50.0,0.2319328784942627,10.0,10.0,0.40869760513305664,28.0,28.0,0.05014944076538086,0.05014944076538086,100.0,50.0
3983,1,8,8,"[[0.97645385 0.7916371  0.4381343  ... 0.6999405  0.66734008 0.85798013]
 [0.94826265 0.92211682 0.70918605 ... 0.59092956 0.62730181 0.76564984]
 [0.58216243 0.25       0.55189216 ... 0.96689289 0.33333333 0.31191   ]
 ...
 [0.77804643 0.84344998 0.87718423 ... 0.97353113 0.96404378 0.72125388]
 [0.90585055 0.77446439 0.73775923 ... 0.82391079 0.75391457 0.30469144]
 [0.51209187 0.62265943 0.48893102 ... 0.51884909 0.96688644 0.5964929 ]]",525,8.0,1.50626540184021,8.0,1.5023350715637207,50.0,50.0,0.2341313362121582,9.0,9.0,0.28858351707458496,27.0,27.0,0.049046993255615234,0.049046993255615234,100.0,50.0
3984,1,8,8,"[[0.94414304 0.53176772 0.61923631 ... 0.85330993 0.48887882 0.37419856]
 [0.64031085 0.5559554  0.71292556 ... 0.76576008 0.78440984 0.86095339]
 [0.76199272 0.53976757 0.5903682  ... 0.49609032 0.33333333 0.9388883 ]
 ...
 [0.92089332 0.75719208 0.89147033 ... 0.55034369 0.90043809 0.94082278]
 [0.6575896  0.7199629  0.38951763 ... 0.31078509 0.70012753 0.53858349]
 [0.58216027 0.54558426 0.9516643  ... 0.21558116 0.49723862 0.81674281]]",525,8.0,1.533146858215332,8.0,1.529921531677246,50.0,50.0,0.23527908325195312,9.0,9.0,0.2965576648712158,27.0,27.0,0.03977060317993164,0.03977060317993164,100.0,50.0
3985,1,8,8,"[[0.88615681 0.99360987 0.95798721 ... 0.66904515 0.84594363 0.49747245]
 [0.90187854 0.39263186 0.51662374 ... 0.81480216 0.90478791 0.57422211]
 [0.35233057 0.9406199  0.85195361 ... 0.97697297 0.33333333 0.31194882]
 ...
 [0.32231905 0.7080416  0.14285714 ... 0.72888224 0.43439467 0.40482233]
 [0.8914026  0.95779271 0.56084582 ... 0.39685948 0.70813592 0.67090583]
 [0.89142254 0.91546792 0.56153088 ... 0.81758976 0.44168741 0.53697669]]",525,8.0,1.5193822383880615,8.0,1.505155086517334,50.0,50.0,0.2294318675994873,9.0,9.0,0.29263734817504883,29.0,29.0,0.04989194869995117,0.04989194869995117,100.0,50.0
3986,1,7,7,"[[0.125      0.16666667 0.96770175 ... 0.25505831 0.59024269 0.76789108]
 [0.17768735 0.80381735 0.78162964 ... 0.75987314 0.8213157  0.73897167]
 [0.39054199 0.67267157 0.61854267 ... 0.43955894 0.73615358 0.88083495]
 ...
 [0.50491086 0.53261269 0.77429046 ... 0.44593147 0.51980806 0.49672769]
 [0.68300664 0.28001817 0.4146661  ... 0.53205514 0.33333333 0.9892349 ]
 [0.5773179  0.84243462 0.48077554 ... 0.31510941 0.42491089 0.49867592]]",525,7.0,1.398987054824829,7.0,1.3356471061706543,50.0,50.0,0.23716425895690918,8.0,8.0,0.25904202461242676,25.0,25.0,0.04893064498901367,0.04893064498901367,100.0,50.0
3987,1,8,8,"[[0.38051842 0.82047498 0.49234089 ... 0.9104045  0.68621895 0.5       ]
 [0.93470432 0.78629916 0.52262929 ... 0.14285714 0.47412261 0.96778506]
 [0.64095712 0.70720464 0.34321709 ... 0.98169138 0.89350719 0.66692772]
 ...
 [0.2        0.81649079 0.65845487 ... 0.57535868 0.2        0.86534202]
 [0.25018524 0.83892171 0.35473719 ... 0.88500219 0.62632435 0.67091361]
 [0.73933178 0.69526646 0.67404468 ... 0.55731747 0.75951612 0.90343523]]",525,8.0,1.5513792037963867,8.0,1.521907091140747,50.0,50.0,0.2780773639678955,9.0,9.0,0.2998526096343994,30.0,30.0,0.049184560775756836,0.049184560775756836,100.0,50.0
3988,1,9,9,"[[0.45036842 0.72089641 0.83727565 ... 0.77903618 0.75455913 0.5823857 ]
 [0.56017646 0.32837969 0.85767007 ... 0.53787255 0.85494503 0.74812961]
 [0.37128119 0.11111111 0.38603675 ... 0.4719059  0.52955436 0.75880944]
 ...
 [0.8097227  0.68701729 0.70258544 ... 0.48951042 0.49912411 0.65790265]
 [0.25       0.5881782  0.62561282 ... 0.36629517 0.6049623  0.52577707]
 [0.4466673  0.11111111 0.44477563 ... 0.74489373 0.63252783 0.49110333]]",525,9.0,1.755932092666626,9.0,1.6686053276062012,50.0,50.0,0.23044753074645996,10.0,10.0,0.3432793617248535,29.0,29.0,0.048972368240356445,0.048972368240356445,100.0,50.0
3989,1,8,8,"[[0.34942005 0.32722077 0.6334731  ... 0.4854112  0.95164368 0.27970572]
 [0.30898987 0.77691719 0.40213606 ... 0.80594995 0.46680226 0.77893511]
 [0.2794603  0.76652432 0.90683747 ... 0.94566784 0.44433462 0.86346355]
 ...
 [0.4333093  0.93620384 0.37413633 ... 0.9057721  0.56034685 0.47247157]
 [0.84362329 0.85596634 0.57714633 ... 0.53474952 0.72857883 0.28777546]
 [0.73659954 0.65835766 0.64024653 ... 0.40472401 0.25       0.98893056]]",525,8.0,1.5869221687316895,8.0,1.5043261051177979,inf,inf,0.23665523529052734,9.0,9.0,0.29940056800842285,26.0,26.0,0.04892730712890625,0.04892730712890625,100.0,50.0
3990,1,8,8,"[[0.2        0.97926918 0.54709966 ... 0.19640943 0.87148335 0.83837234]
 [0.28456331 0.75804682 0.7241981  ... 0.58868981 0.28447639 0.84230721]
 [0.98793804 0.5        0.6785478  ... 0.97698216 0.34295355 0.79363846]
 ...
 [0.2        0.78773499 0.7502783  ... 0.08333333 0.16666667 0.85110443]
 [0.64102256 0.70683342 0.97890338 ... 0.30540182 0.27834432 0.92168061]
 [0.78206468 0.61399082 0.25       ... 0.76902511 0.90821652 0.81364918]]",525,8.0,1.5476999282836914,8.0,1.5002572536468506,inf,inf,0.24059033393859863,9.0,9.0,0.298877477645874,30.0,30.0,0.045296430587768555,0.045296430587768555,100.0,50.0
3991,1,8,8,"[[0.43850574 0.90262703 0.42621438 ... 0.68884565 0.55799314 0.99332708]
 [0.7980546  0.78158911 0.58441759 ... 0.4497525  0.99665631 0.58232244]
 [0.93895694 0.56967292 0.49977657 ... 0.74019482 0.74094262 0.95326329]
 ...
 [0.96396421 0.25       0.69769095 ... 0.68145316 0.86278671 0.8866387 ]
 [0.33697773 0.65975373 0.56251478 ... 0.74537718 0.69072907 0.59273896]
 [0.5835575  0.6266655  0.45600617 ... 0.46642159 0.32575429 0.63101822]]",525,8.0,1.500908374786377,9.0,1.6620543003082275,50.0,50.0,0.2868185043334961,8.0,8.0,0.24570822715759277,27.0,27.0,0.052582740783691406,0.052582740783691406,100.0,50.0
3992,1,7,7,"[[0.46581031 0.8690372  0.85220978 ... 0.95042035 0.125      0.91950584]
 [0.70359037 0.62219085 0.125      ... 0.88350474 0.125      0.9247887 ]
 [0.91215253 0.80690994 0.99970637 ... 0.50158162 0.97182722 0.99881985]
 ...
 [0.25       0.87551131 0.125      ... 0.87214575 0.72938444 0.86043283]
 [0.66144537 0.86744066 0.51898106 ... 0.67619938 0.125      0.65172679]
 [0.66013165 0.38913296 0.89501514 ... 0.26488758 0.62781358 0.47195885]]",525,7.0,1.4993934631347656,8.0,1.5012948513031006,50.0,50.0,0.23485207557678223,8.0,8.0,0.24381113052368164,21.0,21.0,0.054030656814575195,0.054030656814575195,100.0,50.0
3993,1,8,8,"[[0.27195579 0.69266618 0.29076963 ... 0.26378987 0.6024379  0.56438119]
 [0.4091265  0.40500496 0.50283645 ... 0.16666667 0.46576499 0.99950011]
 [0.69473174 0.89340241 0.90232498 ... 0.32824315 0.78032653 0.98634429]
 ...
 [0.29227617 0.4376505  0.16666667 ... 0.32961941 0.99186987 0.89246268]
 [0.49822403 0.8806936  0.71634971 ... 0.84858342 0.524786   0.99216885]
 [0.46314773 0.1        0.91437112 ... 0.26249678 0.58962648 0.4315768 ]]",525,8.0,1.5062963962554932,8.0,1.4956183433532715,50.0,50.0,0.2361159324645996,8.0,8.0,0.24790549278259277,24.0,24.0,0.04834294319152832,0.04834294319152832,100.0,50.0
3994,1,8,8,"[[0.98389971 0.2        0.16666667 ... 0.71871758 0.5330599  0.95163904]
 [0.69547919 0.70125677 0.72246912 ... 0.42011906 0.56032606 0.33536403]
 [0.83607525 0.2        0.88523623 ... 0.86928614 0.38270481 0.16666667]
 ...
 [0.57124856 0.55268447 0.69855367 ... 0.49280602 0.42461649 0.23019793]
 [0.7684351  0.70531593 0.39261052 ... 0.43761808 0.47949536 0.97316189]
 [0.99900284 0.77688516 0.21850919 ... 0.77816845 0.3237849  0.59317343]]",525,8.0,1.5625865459442139,8.0,1.5231585502624512,50.0,50.0,0.23407578468322754,9.0,9.0,0.2877922058105469,26.0,26.0,0.05438113212585449,0.05438113212585449,100.0,50.0
3995,1,8,8,"[[0.62026111 0.30437494 0.42582012 ... 0.63670912 0.84391326 0.73171869]
 [0.65415462 0.84674676 0.59956602 ... 0.84314613 0.63555793 0.95067772]
 [0.55428148 0.2721685  0.93587552 ... 0.74298998 0.84782029 0.82253325]
 ...
 [0.94336054 0.27775237 0.55721892 ... 0.64491766 0.69255363 0.84428154]
 [0.54056499 0.16666667 0.4200996  ... 0.78075323 0.53226312 0.88006444]
 [0.34974485 0.75043884 0.40891847 ... 0.69309952 0.89238066 0.97015862]]",525,8.0,1.5241575241088867,8.0,1.5232388973236084,50.0,50.0,0.23555874824523926,11.0,11.0,0.4005391597747803,24.0,24.0,0.049771785736083984,0.049771785736083984,100.0,50.0
3996,1,8,8,"[[0.62181497 0.42620514 0.64551951 ... 0.29654502 0.67701318 0.84568758]
 [0.43301311 0.125      0.92387347 ... 0.237957   0.47991122 0.82912691]
 [0.85642198 0.57424056 0.98149177 ... 0.1        0.91437014 0.74854395]
 ...
 [0.7324024  0.71022557 0.50215054 ... 0.80068552 0.42251523 0.5951774 ]
 [0.76922914 0.84988056 0.71549613 ... 0.41869631 0.79961257 0.45498264]
 [0.95136416 0.44849305 0.6279889  ... 0.66528358 0.2        0.8226728 ]]",525,8.0,1.5671584606170654,8.0,1.6293017864227295,50.0,50.0,0.29108595848083496,9.0,9.0,0.30303311347961426,28.0,28.0,0.05816173553466797,0.05816173553466797,100.0,50.0
3997,1,7,7,"[[0.24806588 0.79844475 0.34101263 ... 0.39452158 1.1        0.57177736]
 [0.37650149 0.62857451 0.79884634 ... 0.48321808 1.1        0.33876645]
 [0.99662498 0.99116074 0.82181644 ... 0.80369389 1.1        0.33330098]
 ...
 [0.78251757 0.73003719 0.83598736 ... 0.51049383 1.1        0.91282468]
 [0.37934048 0.88279044 0.26371432 ... 0.99261745 1.1        0.79057152]
 [0.75134663 0.72362742 0.82846867 ... 0.57582335 1.1        0.2636101 ]]",525,7.0,1.3760592937469482,8.0,1.4861273765563965,50.0,50.0,0.22872567176818848,8.0,8.0,0.2673988342285156,22.0,22.0,0.04447531700134277,0.04447531700134277,100.0,50.0
3998,1,8,8,"[[0.16666667 0.78111619 0.53500084 ... 0.79069556 0.75488078 0.11111111]
 [0.70323761 0.58537972 0.5727561  ... 0.86996525 0.93465316 0.22424775]
 [0.33102893 0.99212444 0.76756812 ... 0.73575942 0.74422654 0.11111111]
 ...
 [0.9484792  0.39972137 0.7177512  ... 0.95042226 0.60274586 0.71468019]
 [0.16666667 0.51661425 0.45383848 ... 0.5961415  0.92453358 0.44605091]
 [0.25979386 0.78649863 0.91146805 ... 0.91303647 0.38672764 0.79091772]]",525,8.0,1.5504755973815918,8.0,1.536646842956543,50.0,50.0,0.2342081069946289,9.0,9.0,0.29167819023132324,30.0,30.0,0.05166745185852051,0.05166745185852051,100.0,50.0
3999,1,8,8,"[[0.37090718 0.71900391 0.50094482 ... 0.23693748 0.43016922 0.45492715]
 [0.22037731 0.44070662 0.25226066 ... 0.125      0.57615918 0.37490858]
 [0.73957861 0.25       0.80934442 ... 0.60766127 0.91818139 0.72175363]
 ...
 [0.26419464 0.98093213 0.43874411 ... 0.90599439 0.7919614  0.67737429]
 [0.54305382 0.34903678 0.30808043 ... 0.24850103 0.33333333 0.64052379]
 [0.86482148 0.93642332 0.41775566 ... 0.97524935 0.76885294 0.41373914]]",525,8.0,1.5442428588867188,8.0,1.5124361515045166,50.0,50.0,0.23470759391784668,9.0,9.0,0.2980492115020752,30.0,30.0,0.050855398178100586,0.050855398178100586,100.0,50.0
